width: 550, height: 550
275, 259
275, 259
275, 259
275, 259
275, 259
275, 259
275, 259
275, 259
275, 259
275, 259
275, 259
275, 259
275, 259
275, 259
275, 259
268, 260
266, 261
260, 259
258, 259
252, 264
247, 264
245, 262
239, 263
243, 264
244, 261
245, 258
245, 259
247, 259
248, 258
248, 258
246, 259
243, 259
234, 259
231, 260
227, 261
227, 260
223, 260
220, 264
216, 265
212, 265
210, 265
204, 265
198, 263
197, 263
195, 263
189, 263
186, 264
186, 262
186, 262
186, 262
186, 262
186, 262
186, 262
186, 262
186, 262
186, 262
186, 262
186, 262
188, 262
192, 262
196, 262
198, 263
202, 262
203, 261
209, 263
211, 263
215, 263
218, 263
220, 264
225, 263
234, 263
232, 263
235, 263
243, 263
242, 264
244, 264
249, 263
251, 265
243, 263
234, 262
220, 263
225, 262
226, 264
229, 265
234, 265
225, 264
219, 264
210, 264
201, 263
208, 264
217, 264
205, 265
194, 266
199, 266
204, 264
209, 264
194, 263
181, 266
171, 263
161, 263
171, 266
187, 266
200, 266
210, 263
203, 263
198, 266
203, 263
213, 264
218, 262
213, 263
210, 263
204, 263
198, 264
205, 263
213, 263
220, 262
229, 262
224, 263
218, 264
218, 264
218, 264
218, 264
218, 264
218, 264
218, 264
218, 264
218, 264
218, 264
227, 263
238, 266
251, 266
258, 265
266, 265
286, 263
285, 263
282, 263
279, 264
272, 263
269, 263
266, 263
271, 264
272, 265
271, 264
266, 264
262, 263
261, 263
260, 260
259, 260
259, 260
259, 260
259, 260
259, 260
259, 260
259, 260
259, 260
259, 260
259, 260
259, 260
259, 260
259, 260
259, 260
259, 260
259, 260
259, 260
259, 260
259, 260
259, 260
259, 260
259, 260
259, 260
259, 260